97,1
97,0
10,154
10,212
10,16
10,102
10,167
10,186
10,64
10,31
11,21
11,24
9,6
9,4
8,8
20,3
20,2
20,1
19,3
19,2
19,1
12,3
12,2
12,1
11,30
11,28
11,26
11,23
11,19
11,17
11,16
11,15
11,14
11,12
11,11
11,9
11,8
11,6
11,4
11,3
11,2
11,1
10,316
10,297
10,290
10,279
10,274
10,267
10,251
10,242
10,230
10,208
10,201
10,191
10,183
10,152
10,147
10,136
10,127
10,90
10,86
18,1
10,82
18,3
10,70
10,69
10,27
10,18
10,3
10,2
10,1
14,1
9,7
14,3
9,5
9,3
13,1
9,2
13,3
9,1
8,18
8,17
8,15
8,14
8,13
8,12
8,11
8,10
8,9
8,7
8,6
8,3
8,2
8,1
3,3
3,2
3,1
2,2
2,3
2,1
0,0
96,34
96,33
96,32
96,31
96,30
96,29
96,28
